cart incremental run abinit 48.832262323761825 mem 126

cart tuning
mda
(array([ 6.91239924, 24.43967832, 87.55654032, 26.6612799 ]), 86.211)
(array([ 9.20616268, 32.96879297, 97.53315877, 24.42687831]), 68.756)
(array([ 4.28051597, 30.77487488, 84.66729445, 20.62189862]), 86.211)
(array([ 3.47897659, 45.33797782, 74.54912943, 65.57699972]), 65.285)

libmesh
(array([ 6.37168988, 25.49092052, 90.00457813, 28.70720093]), 100.0)
(array([ 6.83332418,  1.78626715, 99.        , 97.63326977]), 100.0)
(array([ 5.63189377, 30.55987183, 90.70592353, 29.58196555]), 100.0)
(array([10.        ,  4.60602859, 99.        , 73.91037543]), 100.0)

lammps
(array([ 8.74084291, 17.58466883, 85.36279858, 37.9321903 ]), 89.89)
(array([ 4.75200823, 10.6       , 17.09332142, 50.92485923]), 84.74)
(array([ 3.58936729, 18.4017954 , 49.7977211 , 85.72266085]), 81.39)
(array([ 3.        , 15.12792956,  1.        , 97.08118242]), 82.86)

abinit
(array([ 7.64198834, 22.32559134,  1.        , 61.9039852 ]), 62.47)
(array([10.        ,  1.        , 11.95355606, 10.        ]), 49.87)
(array([ 9.27509494,  5.31069263,  3.21140275, 87.99400133]), 41.72)
(array([ 7.17955999,  3.41531456, 28.5806483 , 54.32952248]), 41.67)

rf tuning
abinit
(array([10.        ,  1.        ,  1.        , 10.56360884]), 36.95)
(array([10.,  1.,  1., 10.]), 31.788)
(array([ 9.58483624,  1.        ,  1.        , 44.8371055 ]), 25.37)
(array([ 9.10411618,  1.        ,  1.        , 10.        ]), 24.44)

lammps
(array([ 3.        ,  1.58837609, 37.09865517, 10.        ]), 73.21)
(array([ 7.88384876, 48.55254034, 72.26410632, 52.08279312]), 100.0)
(array([  9.97017323,   2.47743857,  99.        , 100.        ]), 100.0)
(array([10.        , 49.        , 26.47283709, 19.23091388]), 48.52)

mda
(array([ 3.        , 11.69728886, 45.17444112, 97.04131117]), 53.91)
(array([10.        ,  1.        , 58.46339676, 14.21275936]), 57.28)
(array([ 8.21336605, 16.64728151, 31.26704788, 25.29692732]), 57.96)
(array([ 4.71464505,  5.82686555, 37.85951745, 27.37429378]), 49.86)

libmesh
(array([ 3.08637163, 18.85686626, 50.9816845 , 32.58654929]), 100.0)
(array([ 9.2611182 ,  2.26233384, 86.64200072, 30.25400991]), 100.0)
(array([ 6.36653163,  6.33385533, 70.24264122, 46.93375377]), 100.0)
(array([ 7.02747093, 42.46836027, 74.1701182 , 23.87676436]), 100.0)
















vfdt tuning
mda
(array([2.        , 5.        , 0.60264514, 5.        ]), 92.092485928)
(array([2.        , 5.        , 0.89519867, 5.        ]), 92.092485928)
(array([2.        , 5.        , 0.39293743, 5.        ]), 92.092485928)
(array([2.        , 5.        , 0.54818406, 5.        ]), 92.092485928)

lammps
(array([10.        ,  9.50600176,  0.71530611, 73.48020257]), 67.82)
(array([ 2.        , 24.12622261,  0.63391861, 17.7591651 ]), 64.25)
(array([ 2.        ,  5.        ,  0.20248494, 17.22521324]), 64.50)
(array([ 2.        , 59.99617827,  0.63207363,  7.18093465]), 63.33)

abinit
(array([ 2.        , 30.691124  ,  0.48724016, 24.83090879]), 59.45)
(array([ 15.34415351, 253.74016805,   0.92838869, 196.19568788]), 46.93)
(array([2.        , 5.        , 0.84894792, 5.        ]), 80.14)
(array([ 2.        , 30.88617662,  0.27025221,  7.57304328]), 59.45)

libmesh
(array([ 2.        ,  5.        ,  0.91483391, 17.04016736]), 1.4693225871226332)
(array([ 2.58822404,  5.        ,  0.53615832, 19.20030946]), 1.6028933201721713)
(array([5.86750589, 5.        , 0.30124778, 5.        ]), 2.0926526746871588)
(array([ 2.        ,  5.        ,  0.68696281, 22.24573464]), 3.161218539083478)





tuning gain
cart 
46 33 29 29
39 18 19 10
96 46 73 46
41 41 36 34

rf
40 35 30 27
32 45 47 50
99 45 92 40
33 31 39 29

vfdt
70...
67...
97 51 96 38
86...







